7535 3
7536 3
7537 3
7538 3
7539 3
7540 3
7541 3
7542 3
7543 3
7544 3
7545 3
7546 3
7547 3
7548 3
7549 3
7550 3
7551 3
7552 3
7553 3
7554 3
7555 3
7556 3
7557 3
7558 3
7559 3
7560 3
7561 3
7562 3
7563 3
7564 3
7565 3
7566 3
7567 3
7568 3
7569 3
7570 3
7571 3
7572 3
7573 3
7574 3
7575 3
7576 3
7577 3
7578 3
7579 3
7580 3
7581 3
7582 3
7583 3
7584 3
7585 3
7586 3
7587 3
7588 3
7589 3
7590 3
7591 3
7592 3
7593 3
7594 3
7595 3
7596 3
7597 3
7598 3
7599 3
7600 3
7601 3
7602 3
7603 3
7604 3
7605 3
7606 3
7607 3
7608 3
7609 3
7610 3
7611 3
7612 3
7613 3
7614 2
7615 2
7616 2
7617 2
7618 2
7619 2
7620 2
7621 2
7622 2
7623 2
7624 2
7625 2
7626 2
7627 2
7628 2
7629 2
7630 2
7631 2
7632 2
7633 2
7634 2
7635 2
7636 2
7637 2
7638 2
7639 2
7640 2
7641 2
7642 2
7643 2
7644 2
7645 2
7646 2
7647 2
7648 2
7649 2
7650 2
7651 2
7652 2
7653 2
7654 2
7655 2
7656 2
7657 2
7658 2
7659 2
7660 2
7661 2
7662 2
7663 2
7664 2
7665 2
7666 2
7667 2
7668 2
7669 2
7670 2
7671 2
7672 2
7673 2
7674 2
7675 1
7676 1
7677 1
7678 1
7679 1
7680 1
7681 1
7682 1
7683 1
7684 1
7685 1
7686 1
7687 1
7688 1
7689 1
7690 1
7691 1
7692 1
7693 1
7694 1
7695 1
7696 1
7697 1
7698 1
7699 1
7700 1
7701 1
7702 1
7703 1
7704 1
7705 1
7706 1
7707 1
7708 1
7709 1
7710 1
7711 1
7712 1
7713 1
7714 1
7715 1
7716 1
7717 1
7718 1
7719 1
7720 1
7721 1
7722 1
7723 1
7724 0
7725 0
7726 0
7727 0
7728 0
7729 0
7730 0
7731 0
7732 0
7733 0
7734 0
7735 0
7736 0
7737 0
7738 0
7739 0
7740 0
7741 0
7742 0
7743 0
7744 0
7745 0
7746 0
7747 0
7748 0
7749 0
7750 0
7751 0
7752 0
7753 0
7754 0
7755 0
7756 0
7757 0
7758 0
7759 0
7760 0
7761 0
7762 0
7763 0
7764 0
7765 0
7766 0
7767 0
7768 0
7769 0
7770 0
7771 0
7772 0
7773 0
7774 0
7775 0
7776 0
7777 0
7778 0
7779 0
7780 0
7781 0
7782 0
7783 0
7784 0
7785 0
7786 0
7787 0
7788 1
7789 1
7790 1
7791 1
7792 1
7793 1
7794 1
7795 1
7796 1
7797 1
7798 1
7799 3
7800 3
7801 3
7802 3
7803 3
7804 3
7805 3
7806 3
7807 3
7808 3
7809 3
7810 3
7811 3
7812 3
7813 3
7814 3
7815 3
7816 3
7817 3
7818 3
7819 3
7820 3
7821 3
7822 3
7823 3
7824 3
7825 3
7826 3
7827 3
7828 3
7829 3
7830 3
7831 3
7832 3
7833 3
7834 3
7835 3
7836 3
7837 3
7838 3
7839 3
7840 3
7841 3
7842 3
7843 3
7844 3
7845 3
7846 3
7847 3
7848 3
7849 3
7850 3
7851 3
7852 3
7853 3
7854 3
7855 3
7856 3
7857 3
7858 3
7859 3
7860 3
7861 3
7862 3
7863 3
7864 3
7865 3
7866 3
7867 3
7868 3
7869 3
7870 3
7871 3
7872 3
7873 3
7874 3
7875 3
7876 3
7877 3
7878 3
7879 3
7880 3
7881 3
7882 3
7883 3
7884 3
7885 3
7886 3
7887 3
7888 3
7889 3
7890 3
7891 3
7892 3
7893 3
7894 3
7895 3
7896 3
7897 3
7898 3
7899 3
7900 3
7901 3
7902 3
7903 3
7904 3
7905 3
7906 3
7907 3
7908 3
7909 3
7910 3
7911 3
7912 3
7913 3
7914 3
7915 3
7916 3
7917 3
7918 3
7919 3
7920 3
7921 3
7922 3
7923 3
7924 2
7925 2
7926 2
7927 2
7928 2
7929 2
7930 2
7931 2
7932 2
7933 2
7934 2
7935 2
7936 2
7937 2
7938 2
7939 2
7940 2
7941 2
7942 2
7943 2
7944 2
7945 2
7946 2
7947 2
7948 2
7949 2
7950 2
7951 2
7952 2
7953 2
7954 2
7955 2
7956 2
7957 2
7958 2
7959 2
7960 2
7961 2
7962 2
7963 2
7964 2
7965 2
7966 2
7967 2
7968 2
7969 2
7970 2
7971 2
7972 2
7973 2
7974 2
7975 2
7976 2
7977 2
7978 2
7979 2
7980 2
7981 2
7982 2
7983 2
7984 2
7985 1
7986 1
7987 1
7988 1
7989 1
7990 1
7991 1
7992 1
7993 1
7994 1
7995 1
7996 1
7997 1
7998 1
7999 1
8000 1
8001 1
8002 1
8003 1
8004 1
8005 1
8006 1
8007 1
8008 1
8009 1
8010 1
8011 1
8012 1
8013 1
8014 1
8015 1
8016 1
8017 1
8018 1
8019 1
8020 1
8021 1
8022 1
8023 1
8024 1
8025 1
8026 1
8027 1
8028 1
8029 1
8030 1
8031 1
8032 1
8033 1
8034 1
8035 1
8036 1
8037 1
8038 1
8039 1
8040 1
8041 1
8042 1
8043 1
8044 1
8045 1
8046 1
8047 1
8048 1
8049 1
8050 1
8051 1
8052 1
8053 1
8054 1
8055 1
8056 1
8057 1
8058 1
8059 1
8060 1
8061 1
8062 1
8063 1
8064 1
8065 1
8066 1
8067 1
8068 1
8069 1
8070 1
8071 1
8072 1
8073 1
8074 1
8075 1
8076 1
8077 1
8078 1
8079 1
8080 1
8081 1
8082 1
8083 1
8084 1
8085 1
8086 1
8087 1
8088 1
8089 1
8090 1
8091 1
8092 1
8093 1
8094 1
8095 1
8096 1
8097 1
8098 1
8099 1
8100 1
8101 1
8102 1
8103 1
8104 1
8105 1
8106 1
8107 1
8108 1
8109 3
8110 3
8111 3
8112 3
8113 3
8114 3
8115 3
8116 3
8117 3
8118 3
8119 3
8120 3
8121 3
8122 3
8123 3
8124 3
8125 3
8126 3
8127 3
8128 3
8129 3
8130 3
8131 3
8132 3
8133 3
8134 3
8135 3
8136 3
8137 3
8138 3
8139 3
8140 3
8141 3
8142 3
8143 3
8144 3
8145 3
8146 3
8147 3
8148 3
8149 3
8150 3
8151 3
8152 3
8153 3
8154 3
8155 3
8156 3
8157 3
8158 3
8159 3
8160 3
8161 3
8162 3
8163 3
8164 3
8165 3
8166 3
8167 3
8168 3
8169 3
8170 3
8171 3
8172 3
8173 3
8174 3
8175 3
8176 3
8177 3
8178 3
8179 3
8180 3
8181 3
8182 3
8183 3
8184 3
8185 3
8186 3
8187 3
8188 3
8189 3
8190 3
8191 3
8192 3
8193 3
8194 3
8195 3
8196 3
8197 3
8198 3
8199 3
8200 3
8201 3
8202 3
8203 3
8204 3
8205 3
8206 3
8207 3
8208 3
8209 3
8210 3
8211 3
8212 3
8213 3
8214 3
8215 3
8216 3
8217 3
8218 3
8219 3
8220 3
8221 3
8222 3
8223 3
8224 3
8225 3
8226 3
8227 3
8228 3
8229 3
8230 3
8231 3
8232 3
8233 3
8234 3
8235 2
8236 2
8237 2
8238 2
8239 2
8240 2
8241 2
8242 2
8243 2
8244 2
8245 2
8246 2
